image_width: 2592
image_height: 1944
camera_name: battle_1
camera_matrix:
  rows: 3
  cols: 3
  data: [1840.062703053708, 0, 1277.228547448974, 0, 1843.246375339531, 1041.93214026077, 0, 0, 1]
distortion_model: plumb_bob
distortion_coefficients:
  rows: 1
  cols: 5
  data: [-0.2463081210006077, 0.1234988210012463, 0.0002546713208981593, -0.0003248284391394538, -0.038564498844409]
rectification_matrix:
  rows: 3
  cols: 3
  data: [1, 0, 0, 0, 1, 0, 0, 0, 1]
projection_matrix:
  rows: 3
  cols: 4
  data: [1624.154418945312, 0, 1270.757023871396, 0, 0, 1715.997924804688, 1051.633799274532, 0, 0, 0, 1, 0]
rmse: 0.0881318
calibration_time: 17-03-2017-14-26-37